(kicad_pcb (version 20171130) (host pcbnew "(5.1.2-1)-1")

  (general
    (thickness 1.6)
    (drawings 17)
    (tracks 2)
    (zones 0)
    (modules 9)
    (nets 6)
  )

  (page A4)
  (title_block
    (title "USB Breadboard Power")
    (date 2019-07-07)
    (rev v01)
    (comment 2 creativecommons.org/licenses/by/4.0/)
    (comment 3 "License: CC BY 4.0")
    (comment 4 "Author: Erik van Zijst")
  )

  (layers
    (0 F.Cu signal)
    (31 B.Cu signal)
    (32 B.Adhes user)
    (33 F.Adhes user)
    (34 B.Paste user)
    (35 F.Paste user)
    (36 B.SilkS user)
    (37 F.SilkS user)
    (38 B.Mask user)
    (39 F.Mask user)
    (40 Dwgs.User user)
    (41 Cmts.User user)
    (42 Eco1.User user)
    (43 Eco2.User user)
    (44 Edge.Cuts user)
    (45 Margin user)
    (46 B.CrtYd user)
    (47 F.CrtYd user)
    (48 B.Fab user)
    (49 F.Fab user)
  )

  (setup
    (last_trace_width 0.254)
    (trace_clearance 0.254)
    (zone_clearance 0.508)
    (zone_45_only no)
    (trace_min 0.000178)
    (via_size 0.762)
    (via_drill 0.381)
    (via_min_size 0.000686)
    (via_min_drill 0.00033)
    (uvia_size 0.762)
    (uvia_drill 0.381)
    (uvias_allowed no)
    (uvia_min_size 0.000686)
    (uvia_min_drill 0.00033)
    (edge_width 0.05)
    (segment_width 0.2)
    (pcb_text_width 0.3)
    (pcb_text_size 1.5 1.5)
    (mod_edge_width 0.12)
    (mod_text_size 1 1)
    (mod_text_width 0.15)
    (pad_size 1.524 1.524)
    (pad_drill 0.762)
    (pad_to_mask_clearance 0.1778)
    (solder_mask_min_width 0.254)
    (aux_axis_origin 0 0)
    (visible_elements FFFFFF7F)
    (pcbplotparams
      (layerselection 0x010f0_ffffffff)
      (usegerberextensions true)
      (usegerberattributes false)
      (usegerberadvancedattributes false)
      (creategerberjobfile false)
      (excludeedgelayer true)
      (linewidth 0.100000)
      (plotframeref false)
      (viasonmask false)
      (mode 1)
      (useauxorigin false)
      (hpglpennumber 1)
      (hpglpenspeed 20)
      (hpglpendiameter 15.000000)
      (psnegative false)
      (psa4output false)
      (plotreference true)
      (plotvalue false)
      (plotinvisibletext false)
      (padsonsilk false)
      (subtractmaskfromsilk false)
      (outputformat 1)
      (mirror false)
      (drillshape 0)
      (scaleselection 1)
      (outputdirectory "gerbers/"))
  )

  (net 0 "")
  (net 1 GND)
  (net 2 "Net-(D1-Pad2)")
  (net 3 "Net-(J1-Pad3)")
  (net 4 "Net-(J1-Pad2)")
  (net 5 VCC)

  (net_class Default "This is the default net class."
    (clearance 0.254)
    (trace_width 0.254)
    (via_dia 0.762)
    (via_drill 0.381)
    (uvia_dia 0.762)
    (uvia_drill 0.381)
    (add_net GND)
    (add_net "Net-(D1-Pad2)")
    (add_net "Net-(J1-Pad2)")
    (add_net "Net-(J1-Pad3)")
    (add_net VCC)
  )

  (module LED_THT:LED_D5.0mm_IRGrey (layer F.Cu) (tedit 5A6C9BB8) (tstamp 5D22A582)
    (at 116.84 115.57 90)
    (descr "LED, diameter 5.0mm, 2 pins, http://cdn-reichelt.de/documents/datenblatt/A500/LL-504BC2E-009.pdf")
    (tags "LED diameter 5.0mm 2 pins")
    (path /5D902383)
    (fp_text reference D1 (at 1.27 -3.96 90) (layer F.SilkS)
      (effects (font (size 1 1) (thickness 0.15)))
    )
    (fp_text value LED (at 1.27 3.96 90) (layer F.Fab)
      (effects (font (size 1 1) (thickness 0.15)))
    )
    (fp_text user %R (at 1.25 0 90) (layer F.Fab)
      (effects (font (size 0.8 0.8) (thickness 0.2)))
    )
    (fp_line (start -1.23 -1.469694) (end -1.23 1.469694) (layer F.Fab) (width 0.1))
    (fp_line (start -1.29 -1.545) (end -1.29 1.545) (layer F.SilkS) (width 0.12))
    (fp_line (start -1.95 -3.25) (end -1.95 3.25) (layer F.CrtYd) (width 0.05))
    (fp_line (start -1.95 3.25) (end 4.5 3.25) (layer F.CrtYd) (width 0.05))
    (fp_line (start 4.5 3.25) (end 4.5 -3.25) (layer F.CrtYd) (width 0.05))
    (fp_line (start 4.5 -3.25) (end -1.95 -3.25) (layer F.CrtYd) (width 0.05))
    (fp_circle (center 1.27 0) (end 3.77 0) (layer F.Fab) (width 0.1))
    (fp_circle (center 1.27 0) (end 3.77 0) (layer F.SilkS) (width 0.12))
    (fp_arc (start 1.27 0) (end -1.23 -1.469694) (angle 299.1) (layer F.Fab) (width 0.1))
    (fp_arc (start 1.27 0) (end -1.29 -1.54483) (angle 148.9) (layer F.SilkS) (width 0.12))
    (fp_arc (start 1.27 0) (end -1.29 1.54483) (angle -148.9) (layer F.SilkS) (width 0.12))
    (pad 1 thru_hole rect (at 0 0 90) (size 1.8 1.8) (drill 0.9) (layers *.Cu *.Mask)
      (net 1 GND))
    (pad 2 thru_hole circle (at 2.54 0 90) (size 1.8 1.8) (drill 0.9) (layers *.Cu *.Mask)
      (net 2 "Net-(D1-Pad2)"))
    (model ${KISYS3DMOD}/LED_THT.3dshapes/LED_D5.0mm_IRGrey.wrl
      (at (xyz 0 0 0))
      (scale (xyz 1 1 1))
      (rotate (xyz 0 0 0))
    )
  )

  (module KiCad:USB_A_Stewart_SS-52100-001_Horizontal (layer F.Cu) (tedit 5CB49A87) (tstamp 5D22A5B6)
    (at 115.316 124.7775 270)
    (descr "USB A connector https://belfuse.com/resources/drawings/stewartconnector/dr-stw-ss-52100-001.pdf")
    (tags "USB_A Female Connector receptacle")
    (path /5D8FD563)
    (fp_text reference J1 (at -4.3815 -0.254 90) (layer F.SilkS)
      (effects (font (size 1 1) (thickness 0.15)))
    )
    (fp_text value USB-SS-52100-001 (at 3.5 14.49 90) (layer F.Fab)
      (effects (font (size 1 1) (thickness 0.15)))
    )
    (fp_line (start -5.15 1.99) (end -4.25 0.69) (layer F.CrtYd) (width 0.05))
    (fp_line (start -5.15 3.44) (end -5.15 1.99) (layer F.CrtYd) (width 0.05))
    (fp_line (start -3.25 4.74) (end -4.25 4.74) (layer F.CrtYd) (width 0.05))
    (fp_line (start -5.15 3.44) (end -4.25 4.74) (layer F.CrtYd) (width 0.05))
    (fp_line (start -3.25 0.69) (end -4.25 0.69) (layer F.CrtYd) (width 0.05))
    (fp_line (start 12.15 3.44) (end 11.25 4.74) (layer F.CrtYd) (width 0.05))
    (fp_line (start -3.25 0.69) (end -3.25 -1.51) (layer F.CrtYd) (width 0.05))
    (fp_line (start 10.25 -1.51) (end -3.25 -1.51) (layer F.CrtYd) (width 0.05))
    (fp_line (start 10.25 0.69) (end 10.25 -1.51) (layer F.CrtYd) (width 0.05))
    (fp_line (start 12.15 1.99) (end 12.15 3.44) (layer F.CrtYd) (width 0.05))
    (fp_line (start 10.25 0.69) (end 11.25 0.69) (layer F.CrtYd) (width 0.05))
    (fp_line (start 12.15 1.99) (end 11.25 0.69) (layer F.CrtYd) (width 0.05))
    (fp_line (start 10.75 12.49) (end 10.75 12.99) (layer F.Fab) (width 0.1))
    (fp_line (start 9.75 12.49) (end 10.75 12.49) (layer F.Fab) (width 0.1))
    (fp_line (start -3.75 12.49) (end -2.75 12.49) (layer F.Fab) (width 0.1))
    (fp_line (start -3.75 12.99) (end -3.75 12.49) (layer F.Fab) (width 0.1))
    (fp_line (start -3.75 12.99) (end 10.75 12.99) (layer F.Fab) (width 0.1))
    (fp_line (start -2.75 12.49) (end -2.75 -1.01) (layer F.Fab) (width 0.1))
    (fp_line (start -2.75 -1.01) (end 9.75 -1.01) (layer F.Fab) (width 0.1))
    (fp_line (start 9.75 12.49) (end 9.75 -1.01) (layer F.Fab) (width 0.1))
    (fp_text user %R (at 3.5 5.99 90) (layer F.Fab)
      (effects (font (size 1 1) (thickness 0.15)))
    )
    (fp_line (start -3.75 12.99) (end 10.75 12.99) (layer F.SilkS) (width 0.12))
    (fp_line (start 10.75 12.99) (end 10.75 12.49) (layer F.SilkS) (width 0.12))
    (fp_line (start 10.75 12.49) (end 9.75 12.49) (layer F.SilkS) (width 0.12))
    (fp_line (start 9.75 12.49) (end 9.75 4.49) (layer F.SilkS) (width 0.12))
    (fp_line (start 9.75 0.99) (end 9.75 -1.01) (layer F.SilkS) (width 0.12))
    (fp_line (start 9.75 -1.01) (end -2.75 -1.01) (layer F.SilkS) (width 0.12))
    (fp_line (start -2.75 -1.01) (end -2.75 0.99) (layer F.SilkS) (width 0.12))
    (fp_line (start -2.75 4.49) (end -2.75 12.49) (layer F.SilkS) (width 0.12))
    (fp_line (start -2.75 12.49) (end -3.75 12.49) (layer F.SilkS) (width 0.12))
    (fp_line (start -3.75 12.49) (end -3.75 12.99) (layer F.SilkS) (width 0.12))
    (fp_line (start -0.5 -1.26) (end 0.5 -1.26) (layer F.SilkS) (width 0.12))
    (fp_line (start -0.25 -1.01) (end 0 -0.76) (layer F.Fab) (width 0.1))
    (fp_line (start 0 -0.76) (end 0.25 -1.01) (layer F.Fab) (width 0.1))
    (fp_line (start -3.25 4.74) (end -3.25 11.99) (layer F.CrtYd) (width 0.05))
    (fp_line (start -3.25 11.99) (end -4.25 11.99) (layer F.CrtYd) (width 0.05))
    (fp_line (start -4.25 11.99) (end -4.25 13.49) (layer F.CrtYd) (width 0.05))
    (fp_line (start -4.25 13.49) (end 11.25 13.49) (layer F.CrtYd) (width 0.05))
    (fp_line (start 11.25 13.49) (end 11.25 11.99) (layer F.CrtYd) (width 0.05))
    (fp_line (start 11.25 11.99) (end 10.25 11.99) (layer F.CrtYd) (width 0.05))
    (fp_line (start 10.25 11.99) (end 10.25 4.74) (layer F.CrtYd) (width 0.05))
    (fp_line (start 10.25 4.74) (end 11.25 4.74) (layer F.CrtYd) (width 0.05))
    (pad 4 thru_hole circle (at 7 0 270) (size 1.6 1.6) (drill 0.92) (layers *.Cu *.Mask)
      (net 1 GND))
    (pad 3 thru_hole circle (at 4.5 0 270) (size 1.6 1.6) (drill 0.92) (layers *.Cu *.Mask)
      (net 3 "Net-(J1-Pad3)"))
    (pad 2 thru_hole circle (at 2.5 0 270) (size 1.6 1.6) (drill 0.92) (layers *.Cu *.Mask)
      (net 4 "Net-(J1-Pad2)"))
    (pad 1 thru_hole rect (at 0 0 270) (size 1.6 1.6) (drill 0.92) (layers *.Cu *.Mask)
      (net 5 VCC))
    (pad 5 thru_hole circle (at -3.07 2.71 270) (size 3 3) (drill 2.3) (layers *.Cu *.Mask)
      (net 1 GND))
    (pad 5 thru_hole circle (at 10.07 2.71 270) (size 3 3) (drill 2.3) (layers *.Cu *.Mask)
      (net 1 GND))
    (model ${KISYS3DMOD}/Connector_USB.3dshapes/USB_A_Stewart_SS-52100-001_Horizontal.wrl
      (at (xyz 0 0 0))
      (scale (xyz 1 1 1))
      (rotate (xyz 0 0 0))
    )
  )

  (module digikey-footprints:PinHeader_1x2_P2.54mm_Drill1.02mm (layer F.Cu) (tedit 5A4BC55F) (tstamp 5D22A5CD)
    (at 106.68 106.68 90)
    (descr http://www.molex.com/pdm_docs/sd/022232031_sd.pdf)
    (path /5D90A993)
    (fp_text reference J2 (at 1.27 4.318 270) (layer F.SilkS)
      (effects (font (size 1 1) (thickness 0.15)))
    )
    (fp_text value 22-23-2021 (at 1.23 4.72 90) (layer F.Fab)
      (effects (font (size 1 1) (thickness 0.15)))
    )
    (fp_text user %R (at 1.25 0.03 90) (layer F.Fab)
      (effects (font (size 1 1) (thickness 0.15)))
    )
    (fp_line (start 3.98 3.42) (end -1.45 3.42) (layer F.CrtYd) (width 0.05))
    (fp_line (start -1.45 -3.42) (end -1.45 3.42) (layer F.CrtYd) (width 0.05))
    (fp_line (start 3.98 -3.42) (end 3.98 3.42) (layer F.CrtYd) (width 0.05))
    (fp_line (start 3.98 -3.42) (end -1.45 -3.42) (layer F.CrtYd) (width 0.05))
    (fp_line (start 3.84 -3.28) (end 3.84 -2.78) (layer F.SilkS) (width 0.1))
    (fp_line (start 3.84 -3.28) (end 3.34 -3.28) (layer F.SilkS) (width 0.1))
    (fp_line (start -1.3 -3.3) (end -1.3 -2.8) (layer F.SilkS) (width 0.1))
    (fp_line (start -1.3 -3.3) (end -0.8 -3.3) (layer F.SilkS) (width 0.1))
    (fp_line (start -1.3 3.3) (end -1.3 2.8) (layer F.SilkS) (width 0.1))
    (fp_line (start -1.3 3.3) (end -0.8 3.3) (layer F.SilkS) (width 0.1))
    (fp_line (start 3.85 3.29) (end 3.85 2.79) (layer F.SilkS) (width 0.1))
    (fp_line (start 3.85 3.29) (end 3.35 3.29) (layer F.SilkS) (width 0.1))
    (fp_line (start -1.2 3.17) (end 3.73 3.17) (layer F.Fab) (width 0.1))
    (fp_line (start 3.73 -3.17) (end 3.73 3.17) (layer F.Fab) (width 0.1))
    (fp_line (start -1.2 -3.17) (end -1.2 3.17) (layer F.Fab) (width 0.1))
    (fp_line (start -1.2 -3.17) (end 3.73 -3.17) (layer F.Fab) (width 0.1))
    (pad 1 thru_hole circle (at 0 0 90) (size 2.02 2.02) (drill 1.02) (layers *.Cu *.Mask)
      (net 1 GND))
    (pad 2 thru_hole circle (at 2.54 0 90) (size 2.02 2.02) (drill 1.02) (layers *.Cu *.Mask)
      (net 5 VCC))
  )

  (module digikey-footprints:PinHeader_1x2_P2.54mm_Drill1.02mm (layer F.Cu) (tedit 5A4BC55F) (tstamp 5D22A5E4)
    (at 106.68 152.4 90)
    (descr http://www.molex.com/pdm_docs/sd/022232031_sd.pdf)
    (path /5D90EC64)
    (fp_text reference J3 (at 4.826 0 180) (layer F.SilkS)
      (effects (font (size 1 1) (thickness 0.15)))
    )
    (fp_text value 22-23-2021 (at 1.23 4.72 90) (layer F.Fab)
      (effects (font (size 1 1) (thickness 0.15)))
    )
    (fp_text user %R (at 1.25 0.03 90) (layer F.Fab)
      (effects (font (size 1 1) (thickness 0.15)))
    )
    (fp_line (start 3.98 3.42) (end -1.45 3.42) (layer F.CrtYd) (width 0.05))
    (fp_line (start -1.45 -3.42) (end -1.45 3.42) (layer F.CrtYd) (width 0.05))
    (fp_line (start 3.98 -3.42) (end 3.98 3.42) (layer F.CrtYd) (width 0.05))
    (fp_line (start 3.98 -3.42) (end -1.45 -3.42) (layer F.CrtYd) (width 0.05))
    (fp_line (start 3.84 -3.28) (end 3.84 -2.78) (layer F.SilkS) (width 0.1))
    (fp_line (start 3.84 -3.28) (end 3.34 -3.28) (layer F.SilkS) (width 0.1))
    (fp_line (start -1.3 -3.3) (end -1.3 -2.8) (layer F.SilkS) (width 0.1))
    (fp_line (start -1.3 -3.3) (end -0.8 -3.3) (layer F.SilkS) (width 0.1))
    (fp_line (start -1.3 3.3) (end -1.3 2.8) (layer F.SilkS) (width 0.1))
    (fp_line (start -1.3 3.3) (end -0.8 3.3) (layer F.SilkS) (width 0.1))
    (fp_line (start 3.85 3.29) (end 3.85 2.79) (layer F.SilkS) (width 0.1))
    (fp_line (start 3.85 3.29) (end 3.35 3.29) (layer F.SilkS) (width 0.1))
    (fp_line (start -1.2 3.17) (end 3.73 3.17) (layer F.Fab) (width 0.1))
    (fp_line (start 3.73 -3.17) (end 3.73 3.17) (layer F.Fab) (width 0.1))
    (fp_line (start -1.2 -3.17) (end -1.2 3.17) (layer F.Fab) (width 0.1))
    (fp_line (start -1.2 -3.17) (end 3.73 -3.17) (layer F.Fab) (width 0.1))
    (pad 1 thru_hole circle (at 0 0 90) (size 2.02 2.02) (drill 1.02) (layers *.Cu *.Mask)
      (net 1 GND))
    (pad 2 thru_hole circle (at 2.54 0 90) (size 2.02 2.02) (drill 1.02) (layers *.Cu *.Mask)
      (net 5 VCC))
  )

  (module digikey-footprints:PinHeader_1x2_P2.54mm_Drill1.02mm (layer F.Cu) (tedit 5A4BC55F) (tstamp 5D22AC1F)
    (at 116.84 106.68 90)
    (descr http://www.molex.com/pdm_docs/sd/022232031_sd.pdf)
    (path /5D90BB45)
    (fp_text reference J4 (at -2.286 0 180) (layer F.SilkS)
      (effects (font (size 1 1) (thickness 0.15)))
    )
    (fp_text value 22-23-2021 (at 1.23 4.72 90) (layer F.Fab)
      (effects (font (size 1 1) (thickness 0.15)))
    )
    (fp_line (start -1.2 -3.17) (end 3.73 -3.17) (layer F.Fab) (width 0.1))
    (fp_line (start -1.2 -3.17) (end -1.2 3.17) (layer F.Fab) (width 0.1))
    (fp_line (start 3.73 -3.17) (end 3.73 3.17) (layer F.Fab) (width 0.1))
    (fp_line (start -1.2 3.17) (end 3.73 3.17) (layer F.Fab) (width 0.1))
    (fp_line (start 3.85 3.29) (end 3.35 3.29) (layer F.SilkS) (width 0.1))
    (fp_line (start 3.85 3.29) (end 3.85 2.79) (layer F.SilkS) (width 0.1))
    (fp_line (start -1.3 3.3) (end -0.8 3.3) (layer F.SilkS) (width 0.1))
    (fp_line (start -1.3 3.3) (end -1.3 2.8) (layer F.SilkS) (width 0.1))
    (fp_line (start -1.3 -3.3) (end -0.8 -3.3) (layer F.SilkS) (width 0.1))
    (fp_line (start -1.3 -3.3) (end -1.3 -2.8) (layer F.SilkS) (width 0.1))
    (fp_line (start 3.84 -3.28) (end 3.34 -3.28) (layer F.SilkS) (width 0.1))
    (fp_line (start 3.84 -3.28) (end 3.84 -2.78) (layer F.SilkS) (width 0.1))
    (fp_line (start 3.98 -3.42) (end -1.45 -3.42) (layer F.CrtYd) (width 0.05))
    (fp_line (start 3.98 -3.42) (end 3.98 3.42) (layer F.CrtYd) (width 0.05))
    (fp_line (start -1.45 -3.42) (end -1.45 3.42) (layer F.CrtYd) (width 0.05))
    (fp_line (start 3.98 3.42) (end -1.45 3.42) (layer F.CrtYd) (width 0.05))
    (fp_text user %R (at 1.25 0.03 90) (layer F.Fab)
      (effects (font (size 1 1) (thickness 0.15)))
    )
    (pad 2 thru_hole circle (at 2.54 0 90) (size 2.02 2.02) (drill 1.02) (layers *.Cu *.Mask)
      (net 5 VCC))
    (pad 1 thru_hole circle (at 0 0 90) (size 2.02 2.02) (drill 1.02) (layers *.Cu *.Mask)
      (net 1 GND))
  )

  (module digikey-footprints:PinHeader_1x2_P2.54mm_Drill1.02mm (layer F.Cu) (tedit 5A4BC55F) (tstamp 5D22A612)
    (at 116.84 152.4 90)
    (descr http://www.molex.com/pdm_docs/sd/022232031_sd.pdf)
    (path /5D90EC77)
    (fp_text reference J5 (at 4.826 0 180) (layer F.SilkS)
      (effects (font (size 1 1) (thickness 0.15)))
    )
    (fp_text value 22-23-2021 (at 1.23 4.72 90) (layer F.Fab)
      (effects (font (size 1 1) (thickness 0.15)))
    )
    (fp_line (start -1.2 -3.17) (end 3.73 -3.17) (layer F.Fab) (width 0.1))
    (fp_line (start -1.2 -3.17) (end -1.2 3.17) (layer F.Fab) (width 0.1))
    (fp_line (start 3.73 -3.17) (end 3.73 3.17) (layer F.Fab) (width 0.1))
    (fp_line (start -1.2 3.17) (end 3.73 3.17) (layer F.Fab) (width 0.1))
    (fp_line (start 3.85 3.29) (end 3.35 3.29) (layer F.SilkS) (width 0.1))
    (fp_line (start 3.85 3.29) (end 3.85 2.79) (layer F.SilkS) (width 0.1))
    (fp_line (start -1.3 3.3) (end -0.8 3.3) (layer F.SilkS) (width 0.1))
    (fp_line (start -1.3 3.3) (end -1.3 2.8) (layer F.SilkS) (width 0.1))
    (fp_line (start -1.3 -3.3) (end -0.8 -3.3) (layer F.SilkS) (width 0.1))
    (fp_line (start -1.3 -3.3) (end -1.3 -2.8) (layer F.SilkS) (width 0.1))
    (fp_line (start 3.84 -3.28) (end 3.34 -3.28) (layer F.SilkS) (width 0.1))
    (fp_line (start 3.84 -3.28) (end 3.84 -2.78) (layer F.SilkS) (width 0.1))
    (fp_line (start 3.98 -3.42) (end -1.45 -3.42) (layer F.CrtYd) (width 0.05))
    (fp_line (start 3.98 -3.42) (end 3.98 3.42) (layer F.CrtYd) (width 0.05))
    (fp_line (start -1.45 -3.42) (end -1.45 3.42) (layer F.CrtYd) (width 0.05))
    (fp_line (start 3.98 3.42) (end -1.45 3.42) (layer F.CrtYd) (width 0.05))
    (fp_text user %R (at 1.25 0.03 90) (layer F.Fab)
      (effects (font (size 1 1) (thickness 0.15)))
    )
    (pad 2 thru_hole circle (at 2.54 0 90) (size 2.02 2.02) (drill 1.02) (layers *.Cu *.Mask)
      (net 5 VCC))
    (pad 1 thru_hole circle (at 0 0 90) (size 2.02 2.02) (drill 1.02) (layers *.Cu *.Mask)
      (net 1 GND))
  )

  (module Resistor_THT:R_Axial_DIN0207_L6.3mm_D2.5mm_P7.62mm_Horizontal (layer F.Cu) (tedit 5AE5139B) (tstamp 5D22A629)
    (at 106.68 110.49 270)
    (descr "Resistor, Axial_DIN0207 series, Axial, Horizontal, pin pitch=7.62mm, 0.25W = 1/4W, length*diameter=6.3*2.5mm^2, http://cdn-reichelt.de/documents/datenblatt/B400/1_4W%23YAG.pdf")
    (tags "Resistor Axial_DIN0207 series Axial Horizontal pin pitch 7.62mm 0.25W = 1/4W length 6.3mm diameter 2.5mm")
    (path /5D903614)
    (fp_text reference R1 (at 3.81 -2.37 90) (layer F.SilkS)
      (effects (font (size 1 1) (thickness 0.15)))
    )
    (fp_text value 1K (at 3.81 2.37 90) (layer F.Fab)
      (effects (font (size 1 1) (thickness 0.15)))
    )
    (fp_line (start 0.66 -1.25) (end 0.66 1.25) (layer F.Fab) (width 0.1))
    (fp_line (start 0.66 1.25) (end 6.96 1.25) (layer F.Fab) (width 0.1))
    (fp_line (start 6.96 1.25) (end 6.96 -1.25) (layer F.Fab) (width 0.1))
    (fp_line (start 6.96 -1.25) (end 0.66 -1.25) (layer F.Fab) (width 0.1))
    (fp_line (start 0 0) (end 0.66 0) (layer F.Fab) (width 0.1))
    (fp_line (start 7.62 0) (end 6.96 0) (layer F.Fab) (width 0.1))
    (fp_line (start 0.54 -1.04) (end 0.54 -1.37) (layer F.SilkS) (width 0.12))
    (fp_line (start 0.54 -1.37) (end 7.08 -1.37) (layer F.SilkS) (width 0.12))
    (fp_line (start 7.08 -1.37) (end 7.08 -1.04) (layer F.SilkS) (width 0.12))
    (fp_line (start 0.54 1.04) (end 0.54 1.37) (layer F.SilkS) (width 0.12))
    (fp_line (start 0.54 1.37) (end 7.08 1.37) (layer F.SilkS) (width 0.12))
    (fp_line (start 7.08 1.37) (end 7.08 1.04) (layer F.SilkS) (width 0.12))
    (fp_line (start -1.05 -1.5) (end -1.05 1.5) (layer F.CrtYd) (width 0.05))
    (fp_line (start -1.05 1.5) (end 8.67 1.5) (layer F.CrtYd) (width 0.05))
    (fp_line (start 8.67 1.5) (end 8.67 -1.5) (layer F.CrtYd) (width 0.05))
    (fp_line (start 8.67 -1.5) (end -1.05 -1.5) (layer F.CrtYd) (width 0.05))
    (fp_text user %R (at 3.81 0 90) (layer F.Fab)
      (effects (font (size 1 1) (thickness 0.15)))
    )
    (pad 1 thru_hole circle (at 0 0 270) (size 1.6 1.6) (drill 0.8) (layers *.Cu *.Mask)
      (net 2 "Net-(D1-Pad2)"))
    (pad 2 thru_hole oval (at 7.62 0 270) (size 1.6 1.6) (drill 0.8) (layers *.Cu *.Mask)
      (net 5 VCC))
    (model ${KISYS3DMOD}/Resistor_THT.3dshapes/R_Axial_DIN0207_L6.3mm_D2.5mm_P7.62mm_Horizontal.wrl
      (at (xyz 0 0 0))
      (scale (xyz 1 1 1))
      (rotate (xyz 0 0 0))
    )
  )

  (module digikey-footprints:PinHeader_1x2_P2.54mm_Drill1.02mm (layer F.Cu) (tedit 5A4BC55F) (tstamp 5D22BE9E)
    (at 106.68 143.764 90)
    (descr http://www.molex.com/pdm_docs/sd/022232031_sd.pdf)
    (path /5D92649B)
    (fp_text reference J6 (at 4.826 0 180) (layer F.SilkS)
      (effects (font (size 1 1) (thickness 0.15)))
    )
    (fp_text value 22-23-2021 (at 1.23 4.72 90) (layer F.Fab)
      (effects (font (size 1 1) (thickness 0.15)))
    )
    (fp_text user %R (at 1.25 0.03 90) (layer F.Fab)
      (effects (font (size 1 1) (thickness 0.15)))
    )
    (fp_line (start 3.98 3.42) (end -1.45 3.42) (layer F.CrtYd) (width 0.05))
    (fp_line (start -1.45 -3.42) (end -1.45 3.42) (layer F.CrtYd) (width 0.05))
    (fp_line (start 3.98 -3.42) (end 3.98 3.42) (layer F.CrtYd) (width 0.05))
    (fp_line (start 3.98 -3.42) (end -1.45 -3.42) (layer F.CrtYd) (width 0.05))
    (fp_line (start 3.84 -3.28) (end 3.84 -2.78) (layer F.SilkS) (width 0.1))
    (fp_line (start 3.84 -3.28) (end 3.34 -3.28) (layer F.SilkS) (width 0.1))
    (fp_line (start -1.3 -3.3) (end -1.3 -2.8) (layer F.SilkS) (width 0.1))
    (fp_line (start -1.3 -3.3) (end -0.8 -3.3) (layer F.SilkS) (width 0.1))
    (fp_line (start -1.3 3.3) (end -1.3 2.8) (layer F.SilkS) (width 0.1))
    (fp_line (start -1.3 3.3) (end -0.8 3.3) (layer F.SilkS) (width 0.1))
    (fp_line (start 3.85 3.29) (end 3.85 2.79) (layer F.SilkS) (width 0.1))
    (fp_line (start 3.85 3.29) (end 3.35 3.29) (layer F.SilkS) (width 0.1))
    (fp_line (start -1.2 3.17) (end 3.73 3.17) (layer F.Fab) (width 0.1))
    (fp_line (start 3.73 -3.17) (end 3.73 3.17) (layer F.Fab) (width 0.1))
    (fp_line (start -1.2 -3.17) (end -1.2 3.17) (layer F.Fab) (width 0.1))
    (fp_line (start -1.2 -3.17) (end 3.73 -3.17) (layer F.Fab) (width 0.1))
    (pad 1 thru_hole circle (at 0 0 90) (size 2.02 2.02) (drill 1.02) (layers *.Cu *.Mask)
      (net 1 GND))
    (pad 2 thru_hole circle (at 2.54 0 90) (size 2.02 2.02) (drill 1.02) (layers *.Cu *.Mask)
      (net 5 VCC))
  )

  (module digikey-footprints:PinHeader_1x2_P2.54mm_Drill1.02mm (layer F.Cu) (tedit 5A4BC55F) (tstamp 5D22C1FA)
    (at 116.84 143.764 90)
    (descr http://www.molex.com/pdm_docs/sd/022232031_sd.pdf)
    (path /5D928AA6)
    (fp_text reference J7 (at 4.826 0 180) (layer F.SilkS)
      (effects (font (size 1 1) (thickness 0.15)))
    )
    (fp_text value 22-23-2021 (at 1.23 4.72 90) (layer F.Fab)
      (effects (font (size 1 1) (thickness 0.15)))
    )
    (fp_line (start -1.2 -3.17) (end 3.73 -3.17) (layer F.Fab) (width 0.1))
    (fp_line (start -1.2 -3.17) (end -1.2 3.17) (layer F.Fab) (width 0.1))
    (fp_line (start 3.73 -3.17) (end 3.73 3.17) (layer F.Fab) (width 0.1))
    (fp_line (start -1.2 3.17) (end 3.73 3.17) (layer F.Fab) (width 0.1))
    (fp_line (start 3.85 3.29) (end 3.35 3.29) (layer F.SilkS) (width 0.1))
    (fp_line (start 3.85 3.29) (end 3.85 2.79) (layer F.SilkS) (width 0.1))
    (fp_line (start -1.3 3.3) (end -0.8 3.3) (layer F.SilkS) (width 0.1))
    (fp_line (start -1.3 3.3) (end -1.3 2.8) (layer F.SilkS) (width 0.1))
    (fp_line (start -1.3 -3.3) (end -0.8 -3.3) (layer F.SilkS) (width 0.1))
    (fp_line (start -1.3 -3.3) (end -1.3 -2.8) (layer F.SilkS) (width 0.1))
    (fp_line (start 3.84 -3.28) (end 3.34 -3.28) (layer F.SilkS) (width 0.1))
    (fp_line (start 3.84 -3.28) (end 3.84 -2.78) (layer F.SilkS) (width 0.1))
    (fp_line (start 3.98 -3.42) (end -1.45 -3.42) (layer F.CrtYd) (width 0.05))
    (fp_line (start 3.98 -3.42) (end 3.98 3.42) (layer F.CrtYd) (width 0.05))
    (fp_line (start -1.45 -3.42) (end -1.45 3.42) (layer F.CrtYd) (width 0.05))
    (fp_line (start 3.98 3.42) (end -1.45 3.42) (layer F.CrtYd) (width 0.05))
    (fp_text user %R (at 1.25 0.03 90) (layer F.Fab)
      (effects (font (size 1 1) (thickness 0.15)))
    )
    (pad 2 thru_hole circle (at 2.54 0 90) (size 2.02 2.02) (drill 1.02) (layers *.Cu *.Mask)
      (net 5 VCC))
    (pad 1 thru_hole circle (at 0 0 90) (size 2.02 2.02) (drill 1.02) (layers *.Cu *.Mask)
      (net 1 GND))
  )

  (gr_text 5V (at 111.76 139.446 90) (layer F.SilkS)
    (effects (font (size 1 1) (thickness 0.15)))
  )
  (gr_text - (at 111.76 143.764 90) (layer F.SilkS) (tstamp 5D22C81D)
    (effects (font (size 1 1) (thickness 0.15)))
  )
  (gr_text + (at 111.76 141.224 90) (layer F.SilkS) (tstamp 5D22C81C)
    (effects (font (size 1 1) (thickness 0.15)))
  )
  (gr_text - (at 102.616 152.4 90) (layer F.SilkS) (tstamp 5D22C81D)
    (effects (font (size 1 1) (thickness 0.15)))
  )
  (gr_text + (at 102.616 149.86 90) (layer F.SilkS) (tstamp 5D22C81C)
    (effects (font (size 1 1) (thickness 0.15)))
  )
  (gr_text - (at 120.65 152.4 90) (layer F.SilkS) (tstamp 5D22C81D)
    (effects (font (size 1 1) (thickness 0.15)))
  )
  (gr_text + (at 120.65 149.86 90) (layer F.SilkS) (tstamp 5D22C81C)
    (effects (font (size 1 1) (thickness 0.15)))
  )
  (gr_text - (at 102.616 106.68 90) (layer F.SilkS) (tstamp 5D22C81D)
    (effects (font (size 1 1) (thickness 0.15)))
  )
  (gr_text + (at 102.616 104.14 90) (layer F.SilkS) (tstamp 5D22C81C)
    (effects (font (size 1 1) (thickness 0.15)))
  )
  (gr_text + (at 120.65 104.14 90) (layer F.SilkS)
    (effects (font (size 1 1) (thickness 0.15)))
  )
  (gr_text - (at 120.65 106.68 90) (layer F.SilkS)
    (effects (font (size 1 1) (thickness 0.15)))
  )
  (gr_text "USB Breadboard Power\nErik van Zijst 2019" (at 118.872 137.668 90) (layer F.SilkS)
    (effects (font (size 1 1) (thickness 0.15)) (justify left))
  )
  (gr_text v01 (at 120.65 119.634 90) (layer F.Cu)
    (effects (font (size 1.5 1.5) (thickness 0.3)))
  )
  (gr_line (start 121.92 101.6) (end 121.92 154.94) (layer Edge.Cuts) (width 0.1))
  (gr_line (start 101.6 101.6) (end 121.92 101.6) (layer Edge.Cuts) (width 0.1))
  (gr_line (start 101.6 101.6) (end 101.6 154.94) (layer Edge.Cuts) (width 0.1))
  (gr_line (start 101.6 154.94) (end 121.92 154.94) (layer Edge.Cuts) (width 0.1))

  (segment (start 114.3 110.49) (end 116.84 113.03) (width 0.254) (layer F.Cu) (net 2) (status 20))
  (segment (start 106.68 110.49) (end 114.3 110.49) (width 0.254) (layer F.Cu) (net 2) (status 10))

  (zone (net 5) (net_name VCC) (layer F.Cu) (tstamp 5D22CD2D) (hatch edge 0.508)
    (connect_pads (clearance 0.254))
    (min_thickness 0.254)
    (fill yes (arc_segments 32) (thermal_gap 0.508) (thermal_bridge_width 0.508))
    (polygon
      (pts
        (xy 101.346 101.346) (xy 122.174 101.346) (xy 122.174 155.194) (xy 101.346 155.194)
      )
    )
    (filled_polygon
      (pts
        (xy 121.489 117.103) (xy 119.114 117.103) (xy 119.114 122.165) (xy 121.489 122.165) (xy 121.489001 154.509)
        (xy 102.031 154.509) (xy 102.031 152.262999) (xy 105.289 152.262999) (xy 105.289 152.537001) (xy 105.342456 152.80574)
        (xy 105.447312 153.058885) (xy 105.59954 153.286711) (xy 105.793289 153.48046) (xy 106.021115 153.632688) (xy 106.27426 153.737544)
        (xy 106.542999 153.791) (xy 106.817001 153.791) (xy 107.08574 153.737544) (xy 107.338885 153.632688) (xy 107.566711 153.48046)
        (xy 107.76046 153.286711) (xy 107.912688 153.058885) (xy 108.017544 152.80574) (xy 108.071 152.537001) (xy 108.071 152.262999)
        (xy 115.449 152.262999) (xy 115.449 152.537001) (xy 115.502456 152.80574) (xy 115.607312 153.058885) (xy 115.75954 153.286711)
        (xy 115.953289 153.48046) (xy 116.181115 153.632688) (xy 116.43426 153.737544) (xy 116.702999 153.791) (xy 116.977001 153.791)
        (xy 117.24574 153.737544) (xy 117.498885 153.632688) (xy 117.726711 153.48046) (xy 117.92046 153.286711) (xy 118.072688 153.058885)
        (xy 118.177544 152.80574) (xy 118.231 152.537001) (xy 118.231 152.262999) (xy 118.177544 151.99426) (xy 118.072688 151.741115)
        (xy 117.92046 151.513289) (xy 117.726711 151.31954) (xy 117.674612 151.284728) (xy 117.705968 151.267968) (xy 117.802939 151.002545)
        (xy 116.84 150.039605) (xy 115.877061 151.002545) (xy 115.974032 151.267968) (xy 116.006677 151.283868) (xy 115.953289 151.31954)
        (xy 115.75954 151.513289) (xy 115.607312 151.741115) (xy 115.502456 151.99426) (xy 115.449 152.262999) (xy 108.071 152.262999)
        (xy 108.017544 151.99426) (xy 107.912688 151.741115) (xy 107.76046 151.513289) (xy 107.566711 151.31954) (xy 107.514612 151.284728)
        (xy 107.545968 151.267968) (xy 107.642939 151.002545) (xy 106.68 150.039605) (xy 105.717061 151.002545) (xy 105.814032 151.267968)
        (xy 105.846677 151.283868) (xy 105.793289 151.31954) (xy 105.59954 151.513289) (xy 105.447312 151.741115) (xy 105.342456 151.99426)
        (xy 105.289 152.262999) (xy 102.031 152.262999) (xy 102.031 149.9222) (xy 105.028211 149.9222) (xy 105.072084 150.243253)
        (xy 105.177749 150.549578) (xy 105.272032 150.725968) (xy 105.537455 150.822939) (xy 106.500395 149.86) (xy 106.859605 149.86)
        (xy 107.822545 150.822939) (xy 108.087968 150.725968) (xy 108.229856 150.434647) (xy 108.312185 150.121243) (xy 108.324249 149.9222)
        (xy 115.188211 149.9222) (xy 115.232084 150.243253) (xy 115.337749 150.549578) (xy 115.432032 150.725968) (xy 115.697455 150.822939)
        (xy 116.660395 149.86) (xy 117.019605 149.86) (xy 117.982545 150.822939) (xy 118.247968 150.725968) (xy 118.389856 150.434647)
        (xy 118.472185 150.121243) (xy 118.491789 149.7978) (xy 118.447916 149.476747) (xy 118.342251 149.170422) (xy 118.247968 148.994032)
        (xy 117.982545 148.897061) (xy 117.019605 149.86) (xy 116.660395 149.86) (xy 115.697455 148.897061) (xy 115.432032 148.994032)
        (xy 115.290144 149.285353) (xy 115.207815 149.598757) (xy 115.188211 149.9222) (xy 108.324249 149.9222) (xy 108.331789 149.7978)
        (xy 108.287916 149.476747) (xy 108.182251 149.170422) (xy 108.087968 148.994032) (xy 107.822545 148.897061) (xy 106.859605 149.86)
        (xy 106.500395 149.86) (xy 105.537455 148.897061) (xy 105.272032 148.994032) (xy 105.130144 149.285353) (xy 105.047815 149.598757)
        (xy 105.028211 149.9222) (xy 102.031 149.9222) (xy 102.031 148.717455) (xy 105.717061 148.717455) (xy 106.68 149.680395)
        (xy 107.642939 148.717455) (xy 115.877061 148.717455) (xy 116.84 149.680395) (xy 117.802939 148.717455) (xy 117.705968 148.452032)
        (xy 117.414647 148.310144) (xy 117.101243 148.227815) (xy 116.7778 148.208211) (xy 116.456747 148.252084) (xy 116.150422 148.357749)
        (xy 115.974032 148.452032) (xy 115.877061 148.717455) (xy 107.642939 148.717455) (xy 107.545968 148.452032) (xy 107.254647 148.310144)
        (xy 106.941243 148.227815) (xy 106.6178 148.208211) (xy 106.296747 148.252084) (xy 105.990422 148.357749) (xy 105.814032 148.452032)
        (xy 105.717061 148.717455) (xy 102.031 148.717455) (xy 102.031 143.626999) (xy 105.289 143.626999) (xy 105.289 143.901001)
        (xy 105.342456 144.16974) (xy 105.447312 144.422885) (xy 105.59954 144.650711) (xy 105.793289 144.84446) (xy 106.021115 144.996688)
        (xy 106.27426 145.101544) (xy 106.542999 145.155) (xy 106.817001 145.155) (xy 107.08574 145.101544) (xy 107.338885 144.996688)
        (xy 107.566711 144.84446) (xy 107.76046 144.650711) (xy 107.912688 144.422885) (xy 108.017544 144.16974) (xy 108.071 143.901001)
        (xy 108.071 143.626999) (xy 115.449 143.626999) (xy 115.449 143.901001) (xy 115.502456 144.16974) (xy 115.607312 144.422885)
        (xy 115.75954 144.650711) (xy 115.953289 144.84446) (xy 116.181115 144.996688) (xy 116.43426 145.101544) (xy 116.702999 145.155)
        (xy 116.977001 145.155) (xy 117.24574 145.101544) (xy 117.498885 144.996688) (xy 117.726711 144.84446) (xy 117.92046 144.650711)
        (xy 118.072688 144.422885) (xy 118.177544 144.16974) (xy 118.231 143.901001) (xy 118.231 143.626999) (xy 118.177544 143.35826)
        (xy 118.072688 143.105115) (xy 117.92046 142.877289) (xy 117.726711 142.68354) (xy 117.674612 142.648728) (xy 117.705968 142.631968)
        (xy 117.802939 142.366545) (xy 116.84 141.403605) (xy 115.877061 142.366545) (xy 115.974032 142.631968) (xy 116.006677 142.647868)
        (xy 115.953289 142.68354) (xy 115.75954 142.877289) (xy 115.607312 143.105115) (xy 115.502456 143.35826) (xy 115.449 143.626999)
        (xy 108.071 143.626999) (xy 108.017544 143.35826) (xy 107.912688 143.105115) (xy 107.76046 142.877289) (xy 107.566711 142.68354)
        (xy 107.514612 142.648728) (xy 107.545968 142.631968) (xy 107.642939 142.366545) (xy 106.68 141.403605) (xy 105.717061 142.366545)
        (xy 105.814032 142.631968) (xy 105.846677 142.647868) (xy 105.793289 142.68354) (xy 105.59954 142.877289) (xy 105.447312 143.105115)
        (xy 105.342456 143.35826) (xy 105.289 143.626999) (xy 102.031 143.626999) (xy 102.031 141.2862) (xy 105.028211 141.2862)
        (xy 105.072084 141.607253) (xy 105.177749 141.913578) (xy 105.272032 142.089968) (xy 105.537455 142.186939) (xy 106.500395 141.224)
        (xy 106.859605 141.224) (xy 107.822545 142.186939) (xy 108.087968 142.089968) (xy 108.229856 141.798647) (xy 108.312185 141.485243)
        (xy 108.324249 141.2862) (xy 115.188211 141.2862) (xy 115.232084 141.607253) (xy 115.337749 141.913578) (xy 115.432032 142.089968)
        (xy 115.697455 142.186939) (xy 116.660395 141.224) (xy 117.019605 141.224) (xy 117.982545 142.186939) (xy 118.247968 142.089968)
        (xy 118.389856 141.798647) (xy 118.472185 141.485243) (xy 118.491789 141.1618) (xy 118.447916 140.840747) (xy 118.342251 140.534422)
        (xy 118.247968 140.358032) (xy 117.982545 140.261061) (xy 117.019605 141.224) (xy 116.660395 141.224) (xy 115.697455 140.261061)
        (xy 115.432032 140.358032) (xy 115.290144 140.649353) (xy 115.207815 140.962757) (xy 115.188211 141.2862) (xy 108.324249 141.2862)
        (xy 108.331789 141.1618) (xy 108.287916 140.840747) (xy 108.182251 140.534422) (xy 108.087968 140.358032) (xy 107.822545 140.261061)
        (xy 106.859605 141.224) (xy 106.500395 141.224) (xy 105.537455 140.261061) (xy 105.272032 140.358032) (xy 105.130144 140.649353)
        (xy 105.047815 140.962757) (xy 105.028211 141.2862) (xy 102.031 141.2862) (xy 102.031 140.081455) (xy 105.717061 140.081455)
        (xy 106.68 141.044395) (xy 107.642939 140.081455) (xy 115.877061 140.081455) (xy 116.84 141.044395) (xy 117.802939 140.081455)
        (xy 117.705968 139.816032) (xy 117.414647 139.674144) (xy 117.101243 139.591815) (xy 116.7778 139.572211) (xy 116.456747 139.616084)
        (xy 116.150422 139.721749) (xy 115.974032 139.816032) (xy 115.877061 140.081455) (xy 107.642939 140.081455) (xy 107.545968 139.816032)
        (xy 107.254647 139.674144) (xy 106.941243 139.591815) (xy 106.6178 139.572211) (xy 106.296747 139.616084) (xy 105.990422 139.721749)
        (xy 105.814032 139.816032) (xy 105.717061 140.081455) (xy 102.031 140.081455) (xy 102.031 134.662238) (xy 110.725 134.662238)
        (xy 110.725 135.032762) (xy 110.797286 135.396167) (xy 110.93908 135.738487) (xy 111.144932 136.046567) (xy 111.406933 136.308568)
        (xy 111.715013 136.51442) (xy 112.057333 136.656214) (xy 112.420738 136.7285) (xy 112.791262 136.7285) (xy 113.154667 136.656214)
        (xy 113.496987 136.51442) (xy 113.805067 136.308568) (xy 114.067068 136.046567) (xy 114.27292 135.738487) (xy 114.414714 135.396167)
        (xy 114.487 135.032762) (xy 114.487 134.662238) (xy 114.414714 134.298833) (xy 114.27292 133.956513) (xy 114.067068 133.648433)
        (xy 113.805067 133.386432) (xy 113.496987 133.18058) (xy 113.154667 133.038786) (xy 112.791262 132.9665) (xy 112.420738 132.9665)
        (xy 112.057333 133.038786) (xy 111.715013 133.18058) (xy 111.406933 133.386432) (xy 111.144932 133.648433) (xy 110.93908 133.956513)
        (xy 110.797286 134.298833) (xy 110.725 134.662238) (xy 102.031 134.662238) (xy 102.031 131.661182) (xy 114.135 131.661182)
        (xy 114.135 131.893818) (xy 114.180386 132.121985) (xy 114.269412 132.336913) (xy 114.398658 132.530343) (xy 114.563157 132.694842)
        (xy 114.756587 132.824088) (xy 114.971515 132.913114) (xy 115.199682 132.9585) (xy 115.432318 132.9585) (xy 115.660485 132.913114)
        (xy 115.875413 132.824088) (xy 116.068843 132.694842) (xy 116.233342 132.530343) (xy 116.362588 132.336913) (xy 116.451614 132.121985)
        (xy 116.497 131.893818) (xy 116.497 131.661182) (xy 116.451614 131.433015) (xy 116.362588 131.218087) (xy 116.233342 131.024657)
        (xy 116.068843 130.860158) (xy 115.875413 130.730912) (xy 115.660485 130.641886) (xy 115.432318 130.5965) (xy 115.199682 130.5965)
        (xy 114.971515 130.641886) (xy 114.756587 130.730912) (xy 114.563157 130.860158) (xy 114.398658 131.024657) (xy 114.269412 131.218087)
        (xy 114.180386 131.433015) (xy 114.135 131.661182) (xy 102.031 131.661182) (xy 102.031 125.5775) (xy 113.877928 125.5775)
        (xy 113.890188 125.701982) (xy 113.926498 125.82168) (xy 113.985463 125.931994) (xy 114.064815 126.028685) (xy 114.161506 126.108037)
        (xy 114.27182 126.167002) (xy 114.391518 126.203312) (xy 114.516 126.215572) (xy 114.797683 126.213889) (xy 114.756587 126.230912)
        (xy 114.563157 126.360158) (xy 114.398658 126.524657) (xy 114.269412 126.718087) (xy 114.180386 126.933015) (xy 114.135 127.161182)
        (xy 114.135 127.393818) (xy 114.180386 127.621985) (xy 114.269412 127.836913) (xy 114.398658 128.030343) (xy 114.563157 128.194842)
        (xy 114.686863 128.2775) (xy 114.563157 128.360158) (xy 114.398658 128.524657) (xy 114.269412 128.718087) (xy 114.180386 128.933015)
        (xy 114.135 129.161182) (xy 114.135 129.393818) (xy 114.180386 129.621985) (xy 114.269412 129.836913) (xy 114.398658 130.030343)
        (xy 114.563157 130.194842) (xy 114.756587 130.324088) (xy 114.971515 130.413114) (xy 115.199682 130.4585) (xy 115.432318 130.4585)
        (xy 115.660485 130.413114) (xy 115.875413 130.324088) (xy 116.068843 130.194842) (xy 116.233342 130.030343) (xy 116.362588 129.836913)
        (xy 116.451614 129.621985) (xy 116.497 129.393818) (xy 116.497 129.161182) (xy 116.451614 128.933015) (xy 116.362588 128.718087)
        (xy 116.233342 128.524657) (xy 116.068843 128.360158) (xy 115.945137 128.2775) (xy 116.068843 128.194842) (xy 116.233342 128.030343)
        (xy 116.362588 127.836913) (xy 116.451614 127.621985) (xy 116.497 127.393818) (xy 116.497 127.161182) (xy 116.451614 126.933015)
        (xy 116.362588 126.718087) (xy 116.233342 126.524657) (xy 116.068843 126.360158) (xy 115.875413 126.230912) (xy 115.834317 126.213889)
        (xy 116.116 126.215572) (xy 116.240482 126.203312) (xy 116.36018 126.167002) (xy 116.470494 126.108037) (xy 116.567185 126.028685)
        (xy 116.646537 125.931994) (xy 116.705502 125.82168) (xy 116.741812 125.701982) (xy 116.754072 125.5775) (xy 116.751 125.06325)
        (xy 116.59225 124.9045) (xy 115.443 124.9045) (xy 115.443 124.9245) (xy 115.189 124.9245) (xy 115.189 124.9045)
        (xy 114.03975 124.9045) (xy 113.881 125.06325) (xy 113.877928 125.5775) (xy 102.031 125.5775) (xy 102.031 123.9775)
        (xy 113.877928 123.9775) (xy 113.881 124.49175) (xy 114.03975 124.6505) (xy 115.189 124.6505) (xy 115.189 123.50125)
        (xy 115.443 123.50125) (xy 115.443 124.6505) (xy 116.59225 124.6505) (xy 116.751 124.49175) (xy 116.754072 123.9775)
        (xy 116.741812 123.853018) (xy 116.705502 123.73332) (xy 116.646537 123.623006) (xy 116.567185 123.526315) (xy 116.470494 123.446963)
        (xy 116.36018 123.387998) (xy 116.240482 123.351688) (xy 116.116 123.339428) (xy 115.60175 123.3425) (xy 115.443 123.50125)
        (xy 115.189 123.50125) (xy 115.03025 123.3425) (xy 114.516 123.339428) (xy 114.391518 123.351688) (xy 114.27182 123.387998)
        (xy 114.161506 123.446963) (xy 114.064815 123.526315) (xy 113.985463 123.623006) (xy 113.926498 123.73332) (xy 113.890188 123.853018)
        (xy 113.877928 123.9775) (xy 102.031 123.9775) (xy 102.031 121.522238) (xy 110.725 121.522238) (xy 110.725 121.892762)
        (xy 110.797286 122.256167) (xy 110.93908 122.598487) (xy 111.144932 122.906567) (xy 111.406933 123.168568) (xy 111.715013 123.37442)
